<Hierarchy>:
	<Frame>: 0 1 Snake_Jailbird_Pistol_Idle
		<Transform>: 0 0 0 0 0 0 1 1 1 0 0 0 1  
		<TransformMatrix>: 1 0 0 0 0 1 0 0 0 0 1 0 0 0 0 1  
		<Children>: 1
			<Frame>: 1 0 GameObject
				<Transform>: 0 2.176 0 0 0 0 1 1 1 0 0 0 1  
				<TransformMatrix>: 1 0 0 0 0 1 0 0 0 0 1 0 0 2.176 0 1  
				<Children>: 11
					<Frame>: 2 0 mixamorig:Hips
						<Transform>: -0.5140138 -0.9649793 -0.6228981 1.53479 53.97896 5.722596 51.32888 51.32888 51.32888 0.03457188 0.4526247 0.03840711 0.8902026  
						<TransformMatrix>: 30.14604 5.116278 -41.22734 0 -1.903482 51.05475 4.943996 0 41.49997 -1.374789 30.17478 0 -0.5140138 -0.9649793 -0.6228981 1  
						<Children>: 3
							<Frame>: 3 0 mixamorig:LeftUpLeg
								<Transform>: -0.003333515 -0.001799943 -2.546012E-05 329.5137 349.6583 161.3933 1 1 1 -0.1281421 0.2443446 0.9444222 0.1787231  
								<TransformMatrix>: -0.9032754 0.2749584 -0.3293806 0 -0.4002017 -0.8167076 0.4157251 0 -0.1547005 0.5073329 0.8477506 0 -0.003333515 -0.001799943 -2.546012E-05 1  
								<Children>: 1
									<Frame>: 4 0 mixamorig:LeftLeg
										<Transform>: 1.862645E-10 0.01050406 7.450581E-10 326.2948 10.07946 356.4655 1 1 1 -0.2912455 0.0751278 -0.003945042 0.9536857  
										<TransformMatrix>: 0.9886805 -0.05128593 -0.1409987 0 -0.03623661 0.830321 -0.5561061 0 0.1455946 0.5549206 0.8190638 0 1.862645E-10 0.01050406 7.450581E-10 1  
										<Children>: 1
											<Frame>: 5 0 mixamorig:LeftFoot
												<Transform>: -3.72529E-10 0.008762429 -1.862645E-10 57.90281 19.7055 16.27457 1 1 1 0.4933201 0.08071781 0.04003174 0.865169  
												<TransformMatrix>: 0.9837642 0.1489079 -0.1001722 0 0.010371 0.5100654 0.8600731 0 0.179166 -0.847148 0.5002397 0 -3.72529E-10 0.008762429 -1.862645E-10 1  
												<Children>: 1
													<Frame>: 6 0 mixamorig:LeftToeBase
														<Transform>: -1.862645E-10 0.006050214 -1.490116E-09 34.03761 10.70517 2.009073E-05 1 1 1 0.2914093 0.08919931 -0.02730283 0.9520392  
														<TransformMatrix>: 0.9825961 2.905726E-07 -0.1857551 0 0.1039738 0.8286703 0.5499955 0 0.1539299 -0.559737 0.8142481 0 -1.862645E-10 0.006050214 -1.490116E-09 1  
														<Children>: 1
															<Frame>: 7 0 mixamorig:LeftToe_End
																<Transform>: 0 0.002705011 0 0 0 0 1 1 1 0 0 0 1  
																<TransformMatrix>: 1 0 0 0 0 1 0 0 0 0 1 0 0 0.002705011 0 1  
																<Children>: 0
															</Frame>
													</Frame>
											</Frame>
									</Frame>
							</Frame>
							<Frame>: 8 0 mixamorig:RightUpLeg
								<Transform>: 0.003333514 -0.001799942 2.382584E-05 350.2322 14.15253 189.8656 1 1 1 0.1295534 0.07362105 0.9842159 -0.09547179  
								<TransformMatrix>: -0.9482021 -0.168854 0.2690745 0 0.2070054 -0.9709301 0.1201806 0 0.2409596 0.1696554 0.9555917 0 0.003333514 -0.001799942 2.382584E-05 1  
								<Children>: 1
									<Frame>: 9 0 mixamorig:RightLeg
										<Transform>: 7.450581E-10 0.01050427 0 340.6251 10.00891 355.2542 1 1 1 -0.1710486 0.07897501 -0.02599109 0.9817483  
										<TransformMatrix>: 0.9861748 -0.07805055 -0.1461757 0 0.02401629 0.9401337 -0.3399587 0 0.1639587 0.3317481 0.9290106 0 7.450581E-10 0.01050427 0 1  
										<Children>: 1
											<Frame>: 10 0 mixamorig:RightFoot
												<Transform>: 7.450581E-10 0.008762473 0 62.95191 325.0865 330.8331 1 1 1 0.5464645 -0.1221878 -0.05326307 0.826807  
												<TransformMatrix>: 0.9644664 -0.2216191 0.1438386 0 -0.045466 0.3970792 0.9166574 0 -0.2602642 -0.8906251 0.3728934 0 7.450581E-10 0.008762473 0 1  
												<Children>: 1
													<Frame>: 11 0 mixamorig:RightToeBase
														<Transform>: 1.490116E-09 0.006085889 -2.980232E-09 33.81187 349.3054 1.258769E-05 1 1 1 0.2895357 -0.08916552 0.02710074 0.9526196  
														<TransformMatrix>: 0.9826301 1.825392E-07 0.1855749 0 -0.1032666 0.8308692 0.5468019 0 -0.1541884 -0.5564678 0.8164371 0 1.490116E-09 0.006085889 -2.980232E-09 1  
														<Children>: 1
															<Frame>: 12 0 mixamorig:RightToe_End
																<Transform>: -1.490116E-09 0.002722685 0 0 0 0 1 1 1 0 0 0 1  
																<TransformMatrix>: 1 0 0 0 0 1 0 0 0 0 1 0 -1.490116E-09 0.002722685 0 1  
																<Children>: 0
															</Frame>
													</Frame>
											</Frame>
									</Frame>
							</Frame>
							<Frame>: 13 0 mixamorig:Spine
								<Transform>: -3.72529E-10 0.003240871 -0.0004470203 354.7456 353.6548 357.7138 1 1 1 -0.04465504 -0.05618795 -0.02243445 0.9971688  
								<TransformMatrix>: 0.9926792 -0.03972372 0.1140614 0 0.04976002 0.9950052 -0.08653614 0 -0.1100541 0.09157832 0.9896977 0 -3.72529E-10 0.003240871 -0.0004470203 1  
								<Children>: 1
									<Frame>: 14 0 mixamorig:Spine1
										<Transform>: -3.72529E-10 0.003816816 0 2.602285 352.1322 358.963 1 1 1 0.0232735 -0.06837983 -0.007467675 0.9973599  
										<TransformMatrix>: 0.9905369 -0.01807879 0.136051 0 0.01171304 0.9988052 0.04744539 0 -0.1367462 -0.04540283 0.9895651 0 -3.72529E-10 0.003816816 0 1  
										<Children>: 1
											<Frame>: 15 0 mixamorig:Spine2
												<Transform>: 0 0.00436207 7.450581E-10 2.690357 352.1196 359.1338 1 1 1 0.02393875 -0.06851751 -0.005925938 0.9973451  
												<TransformMatrix>: 0.9905404 -0.01510086 0.1363875 0 0.008539964 0.9987836 0.04856246 0 -0.1369549 -0.04693833 0.9894646 0 0 0.00436207 7.450581E-10 1  
												<Children>: 3
													<Frame>: 16 0 mixamorig:LeftShoulder
														<Transform>: -0.002618224 0.004346528 -9.03517E-05 65.99302 90.73911 190.0142 1 1 1 0.5611961 -0.4332239 0.6207928 0.3346525  
														<TransformMatrix>: -0.1461333 -0.07074752 0.9867319 0 -0.9017469 -0.4006495 -0.1622733 0 0.4068142 -0.9134959 -0.00524807 0 -0.002618224 0.004346528 -9.03517E-05 1  
														<Children>: 1
															<Frame>: 17 0 mixamorig:LeftArm
																<Transform>: 0 0.005303443 0 38.23431 6.292582 307.5664 1 1 1 0.270458 0.1909854 -0.4329024 0.8384346  
																<TransformMatrix>: 0.5522401 -0.6226137 -0.5544215 0 0.8292278 0.4788959 0.2881666 0 0.08609374 -0.6188789 0.780754 0 0 0.005303443 0 1  
																<Children>: 1
																	<Frame>: 18 0 mixamorig:LeftForeArm
																		<Transform>: 0 0.009328437 1.490116E-09 359.3634 345.5647 279.2542 1 1 1 0.07718404 -0.09928598 -0.6431485 0.7553443  
																		<TransformMatrix>: 0.1530046 -0.9869236 0.05070859 0 0.9562705 0.1608053 0.2443123 0 -0.2492718 0.01111021 0.9683698 0 0 0.009328437 1.490116E-09 1  
																		<Children>: 1
																			<Frame>: 19 0 mixamorig:LeftHand
																				<Transform>: -3.72529E-10 0.008613366 -7.450581E-10 328.2707 37.98951 24.79589 1 1 1 -0.1852337 0.3612788 0.2821776 0.8692192  
																				<TransformMatrix>: 0.5797069 0.3567063 -0.7325984 0 -0.6243903 0.7721286 -0.1181278 0 0.5235233 0.5259069 0.6703323 0 -3.72529E-10 0.008613366 -7.450581E-10 1  
																				<Children>: 2
																					<Frame>: 20 0 mixamorig:LeftHandIndex1
																						<Transform>: 3.72529E-10 0.005262042 3.500655E-06 31.62667 1.138597 359.4494 1 1 1 0.2724416 0.01086901 -0.007330026 0.962083  
																						<TransformMatrix>: 0.9996563 -0.008181844 -0.0249078 0 0.02002653 0.8514436 0.5240636 0 0.01691978 -0.5243822 0.8513148 0 3.72529E-10 0.005262042 3.500655E-06 1  
																						<Children>: 1
																							<Frame>: 21 0 mixamorig:LeftHandIndex2
																								<Transform>: -2.293848E-05 0.001105625 7.450581E-10 61.8387 4.563252 5.034513 1 1 1 0.5144283 0.01157116 0.01721239 0.8572826  
																								<TransformMatrix>: 0.9991397 0.04141682 -0.00213043 0 -0.0176067 0.4701346 0.8824191 0 0.03754858 -0.8816224 0.4704593 0 -2.293848E-05 0.001105625 7.450581E-10 1  
																								<Children>: 1
																									<Frame>: 22 0 mixamorig:LeftHandIndex3
																										<Transform>: -2.852976E-05 0.0009669859 1.490116E-09 23.99647 0.7534207 8.945251 1 1 1 0.2077455 -0.009799259 0.0749149 0.9752608  
																										<TransformMatrix>: 0.9885834 0.1420516 0.05024014 0 -0.1501946 0.9024591 0.403744 0 0.01201281 -0.4066804 0.9134915 0 -2.852976E-05 0.0009669859 1.490116E-09 1  
																										<Children>: 1
																											<Frame>: 23 0 mixamorig:LeftHandIndex4
																												<Transform>: 5.147122E-05 0.0004810833 7.450581E-10 0 0 0 1 1 1 0 0 0 1  
																												<TransformMatrix>: 1 0 0 0 0 1 0 0 0 0 1 0 5.147122E-05 0.0004810833 7.450581E-10 1  
																												<Children>: 0
																											</Frame>
																									</Frame>
																							</Frame>
																					</Frame>
																					<Frame>: 24 0 mixamorig:LeftHandThumb1
																						<Transform>: 0.001348349 0.001478276 0.0004806716 11.12646 4.774766 347.344 1 1 1 0.09170026 0.05188274 -0.1136193 0.9879221  
																						<TransformMatrix>: 0.9687977 -0.2149786 -0.12335 0 0.2340093 0.9573635 0.1693957 0 0.08167439 -0.1929752 0.9777985 0 0.001348349 0.001478276 0.0004806716 1  
																						<Children>: 1
																							<Frame>: 25 0 mixamorig:LeftHandThumb2
																								<Transform>: 0.0002546646 0.001626397 -3.72529E-10 348.5368 351.5784 351.104 1 1 1 -0.09363302 -0.08056344 -0.08426935 0.9887574  
																								<TransformMatrix>: 0.9728164 -0.1515571 0.1750962 0 0.1817307 0.9682631 -0.1715826 0 -0.1435346 0.1987387 0.9694848 0 0.0002546646 0.001626397 -3.72529E-10 1  
																								<Children>: 1
																									<Frame>: 26 0 mixamorig:LeftHandThumb3
																										<Transform>: -2.158545E-05 0.00169193 1.862645E-09 355.4521 355.2279 326.6116 1 1 1 -0.02602241 -0.05123403 -0.288371 0.9557929  
																										<TransformMatrix>: 0.8284345 -0.5485794 0.1129465 0 0.5539123 0.83233 -0.02019526 0 -0.08293003 0.07929288 0.9933958 0 -2.158545E-05 0.00169193 1.862645E-09 1  
																										<Children>: 1
																											<Frame>: 27 0 mixamorig:LeftHandThumb4
																												<Transform>: -0.0002330739 0.00123821 3.72529E-10 0 0 0 1 1 1 0 0 0 1  
																												<TransformMatrix>: 1 0 0 0 0 1 0 0 0 0 1 0 -0.0002330739 0.00123821 3.72529E-10 1  
																												<Children>: 0
																											</Frame>
																									</Frame>
																							</Frame>
																					</Frame>
																			</Frame>
																	</Frame>
															</Frame>
													</Frame>
													<Frame>: 28 0 mixamorig:Neck
														<Transform>: -3.72529E-10 0.00490733 2.235174E-09 19.82363 352.7371 1.957283 1 1 1 0.1706959 -0.06531773 0.02769191 0.9827663  
														<TransformMatrix>: 0.9899335 0.03213043 0.1378379 0 -0.07672829 0.9401922 0.3318908 0 -0.1189303 -0.3391259 0.933193 0 -3.72529E-10 0.00490733 2.235174E-09 1  
														<Children>: 1
															<Frame>: 29 0 mixamorig:Head
																<Transform>: -1.862645E-10 0.002578551 0.00161195 359.3074 339.9711 352.0228 1 1 1 0.006158023 -0.1738863 -0.06954513 0.9822877  
																<TransformMatrix>: 0.929854 -0.1387683 0.3407562 0 0.1344851 0.9902511 0.03628379 0 -0.3424693 0.01208799 0.9394513 0 -1.862645E-10 0.002578551 0.00161195 1  
																<Children>: 1
																	<Frame>: 30 0 mixamorig:HeadTop_End
																		<Transform>: -3.72529E-10 0.01212894 0.007582251 0 0 0 1 1 1 0 0 0 1  
																		<TransformMatrix>: 1 0 0 0 0 1 0 0 0 0 1 0 -3.72529E-10 0.01212894 0.007582251 1  
																		<Children>: 0
																	</Frame>
															</Frame>
													</Frame>
													<Frame>: 31 0 mixamorig:RightShoulder
														<Transform>: 0.002618223 0.004343009 -6.483719E-05 72.72556 327.1151 239.4395 1 1 1 0.4798661 0.380848 -0.5875545 0.5286428  
														<TransformMatrix>: 0.01946914 -0.2557008 -0.9665599 0 0.9867249 -0.1509833 0.05981758 0 -0.1612298 -0.9548934 0.2493668 0 0.002618223 0.004343009 -6.483719E-05 1  
														<Children>: 1
															<Frame>: 32 0 mixamorig:RightArm
																<Transform>: 7.450581E-10 0.005303442 3.72529E-09 26.73081 47.49139 121.5116 1 1 1 0.4452077 0.006770602 0.7315716 0.5162824  
																<TransformMatrix>: -0.07048559 0.7614236 0.6444114 0 -0.7493663 -0.4668136 0.4696121 0 0.6583936 -0.4497994 0.6034886 0 7.450581E-10 0.005303442 3.72529E-09 1  
																<Children>: 1
																	<Frame>: 33 0 mixamorig:RightForeArm
																		<Transform>: 1.862645E-09 0.009333422 0 2.121044 5.058485 28.66707 1 1 1 0.02883796 0.03817062 0.2464913 0.9679636  
																		<TransformMatrix>: 0.8755701 0.4793907 -0.05967894 0 -0.4749876 0.8768209 0.07464564 0 0.08811216 -0.03701074 0.9954228 0 1.862645E-09 0.009333422 0 1  
																		<Children>: 1
																			<Frame>: 34 0 mixamorig:RightHand
																				<Transform>: -1.862645E-10 0.008596643 0 331.6226 319.5967 357.2281 1 1 1 -0.2218727 -0.3402568 -0.1066264 0.9075399  
																				<TransformMatrix>: 0.7457123 -0.042548 0.6649082 0 0.3445227 0.8788067 -0.3301559 0 -0.5702783 0.4752772 0.6699957 0 -1.862645E-10 0.008596643 0 1  
																				<Children>: 4
																					<Frame>: 35 0 gun_meshId0_name_002
																						<Transform>: -0.003819409 0.003117616 0.000954075 356.6759 267.269 176.3354 0.1909 0.1909 0.1909 0.7237222 0.003127841 -0.6887411 -0.04303566  
																						<TransformMatrix>: 0.009783952 0.01218099 -0.1902596 0 -0.01045244 -0.1901892 -0.01271399 0 -0.1903624 0.01106899 -0.009080565 0 -0.003819409 0.003117616 0.000954075 1  
																						<Mesh>: 361 gun_meshId0_name_002
																							<Bounds>: -2.627471E-05 -0.01923398 -0.0099861 0.004180675 0.02734713 0.018294
																							<Positions>: 361 0.00355875 0.00353865 0.0002619 0.00143715 0.00273165 0.006750401 0.0035701 0.0014729 0.0054904 0.003180225 0.0036369 1.29E-05 0.000551425 0.0058524 -0.00240535 0.003175375 0.00462065 -0.00247685 0.001869675 0.00811315 -0.003938825 0.000559025 0.0033794 0.00576365 -0.002036225 0.00269365 0.006742151 -0.001175275 0.00583365 -0.00240935 -0.002535375 0.008064901 -0.00394935 -0.003771325 0.00454465 -0.00249335 -0.003766525 0.0035609 -3.6E-06 -0.00420695 0.003462625 0.0002454 -0.004195625 0.0013969 0.00547365 -0.0011677 0.00336065 0.00575965 -0.00129655 -0.02799788 -0.0062551 -0.0016469 -0.03051085 -0.004159325 -0.001678725 -0.0274151 -0.005010325 -0.001320725 -0.0257871 -0.00625335 -0.00171675 -0.0239326 -0.0050506 -0.0013116 -0.02613713 -0.00847835 -0.00129185 -0.02756935 -0.01017735 -0.001314075 -0.02546087 -0.0105176 -0.001281525 -0.02815385 -0.0118231 -0.001332475 -0.02349335 -0.0118366 -0.00138795 -0.01810163 -0.01330608 -0.001387875 -0.01824785 -0.01266883 -0.00143875 -0.01371335 -0.01214835 -0.001457725 -0.01171487 -0.0133441 -0.00146055 -0.01192563 -0.01120135 -0.001843575 -0.01150388 -0.00888735 -0.001843325 -0.0099401 -0.01615535 -0.003590075 -0.0106226 -0.00890185 -0.0035892 -0.0118071 -0.003829325 -0.001840375 -0.01260535 -0.005181075 -0.00171675 -0.0239326 -0.0050506 -0.0037141 0.000882375 -0.0096781 0.001633 -0.01256735 -0.005172825 0.00175665 -0.0238946 -0.00504235 -0.003590375 -0.0092026 -0.0152836 -0.0035899 -0.00704685 -0.0253591 -0.001843175 -0.007948874 -0.02534758 -0.00372975 0.00479815 -0.02107483 -0.003714225 0.004954375 -0.0282781 -0.003583425 -0.0070206 -0.02818185 -0.001839175 -0.0077866 -0.02816835 -9.4925E-05 -0.008128851 -0.02815485 -0.003730575 0.0016094 -0.006101575 -0.0034119 -0.02789185 -0.004387075 -0.001678725 -0.0274151 -0.005010325 -0.0016469 -0.03051085 -0.004159325 -0.00340205 -0.02908285 -0.0030606 -0.003235175 -0.0465811 -0.0022396 -0.00149035 -0.0459556 -0.003685075 0.00182645 -0.03047287 -0.0041511 -0.00323455 -0.04655285 0.000335675 -0.003766525 0.0035609 -3.6E-06 -0.00361265 -0.0465471 0.00085065 -0.003771325 0.00454465 -0.00249335 -0.00420695 0.003462625 0.0002454 -0.002535375 0.008064901 -0.00394935 -0.0025298 0.007786151 -0.0050001 0.001869675 0.00811315 -0.003938825 0.0018752 0.007834375 -0.0049896 -0.004195625 0.0013969 0.00547365 -0.003611275 -0.04649035 0.006001425 -0.003899025 -0.0229076 0.0057414 -0.00175715 -0.0228746 0.007023925 -0.00149975 -0.04645735 0.007283675 0.001716225 -0.02283663 0.00703215 0.001973625 -0.04641935 0.007291925 -0.003991725 -0.0153096 0.0056579 -0.0041175 -0.00500335 0.00554415 -0.00184015 -0.0152701 0.00694015 -0.00195255 -0.00497085 0.006826675 -0.004180525 0.0001629 0.0054874 -0.002036225 0.00269365 0.006742151 -0.002009425 0.000241375 0.00676915 0.00143715 0.00273165 0.006750401 0.001463925 0.0002794 0.0067774 0.00202655 -0.00438735 0.00747415 0.00200145 -0.00208735 0.0074489 -0.00025185 -0.0021121 0.0074434 -0.002473175 -0.0044366 0.007463425 -0.0024983 -0.0021366 0.00743815 0.001630175 -0.00791085 -0.02533935 -0.001843175 -0.007948874 -0.02534758 -9.4925E-05 -0.008128851 -0.02815485 -0.001843325 -0.0099401 -0.01615535 0.001630025 -0.0099021 -0.0161471 -0.001054975 0.0036064 0.00491615 -0.001066175 0.00461365 0.0049899 -0.001059275 0.004999375 0.00033015 -0.001095425 0.00735665 0.00465565 -0.00108395 0.0059744 0.0062009 0.0004337 0.004629875 0.00499365 0.000444925 0.0036229 0.00491965 0.00044065 0.005015875 0.00033365 0.000415975 0.005990625 0.0062044 0.000404525 0.00737315 0.004659175 0.001794625 -0.0273771 -0.005002075 0.00182645 -0.03047287 -0.0041511 0.001431175 -0.0279681 -0.006248575 0.001407 -0.0257571 -0.00624685 0.00175665 -0.0238946 -0.00504235 0.001416125 -0.02610735 -0.00847185 0.001435875 -0.02753935 -0.01017085 0.0014136 -0.0254311 -0.0105111 0.0014462 -0.02812385 -0.0118166 0.001395225 -0.0234636 -0.0118301 0.001339775 -0.01807185 -0.0132996 0.00133985 -0.0182181 -0.01266235 0.001288975 -0.01368335 -0.01214183 0.00126995 -0.01168485 -0.0133376 0.001267175 -0.0118956 -0.01119483 0.001630025 -0.0099021 -0.0161471 0.001629775 -0.01146585 -0.0088791 0.003356675 -0.01054662 -0.0088851 0.0033575 -0.0117311 -0.00381285 0.001633 -0.01256735 -0.005172825 0.00175665 -0.0238946 -0.00504235 0.003534825 -0.02781585 -0.0043706 0.001794625 -0.0273771 -0.005002075 0.00182645 -0.03047287 -0.0041511 0.0035447 -0.02900687 -0.003043825 0.001925075 -0.04591835 -0.0036771 -0.00149035 -0.0459556 -0.003685075 0.003595675 -0.0465066 -0.002223325 0.003632525 -0.0464776 0.00035215 0.003180225 0.0036369 1.29E-05 0.0040721 -0.04647185 0.00086715 0.00355875 0.00353865 0.0002619 0.0041544 -0.04641435 0.0060179 0.0032161 0.00168565 -0.006063575 0.003175375 0.00462065 -0.00247685 0.0018752 0.007834375 -0.0049896 0.001869675 0.00811315 -0.003938825 0.003232625 0.0009584 -0.0096616 0.00335635 -0.009126625 -0.01526708 0.003217 0.00487415 -0.02105835 0.003356825 -0.00697085 -0.0253426 0.003232475 0.0050304 -0.02826158 0.003363275 -0.0069446 -0.02816533 0.001630175 -0.00791085 -0.02533935 0.001634175 -0.0077486 -0.0281601 -9.4925E-05 -0.008128851 -0.02815485 0.003363275 -0.0069446 -0.02816533 0.001634175 -0.0077486 -0.0281601 0.003232475 0.0050304 -0.02826158 0.001489025 0.0058714 -0.02827085 -0.00025445 0.0062339 -0.0282801 -9.4925E-05 -0.008128851 -0.02815485 -0.001984325 0.005833375 -0.02827908 -0.001839175 -0.0077866 -0.02816835 -0.003714225 0.004954375 -0.0282781 -0.003583425 -0.0070206 -0.02818185 0.003232475 0.0050304 -0.02826158 0.001489025 0.0058714 -0.02827085 0.003217 0.00487415 -0.02105835 0.001473 0.0057029 -0.0207861 -0.000271 0.0060534 -0.0205141 -0.00025445 0.0062339 -0.0282801 0.003232625 0.0009584 -0.0096616 -0.001984325 0.005833375 -0.02827908 0.0014867 0.0020069 -0.009591825 -0.002000375 0.0056649 -0.0207946 -0.003714225 0.004954375 -0.0282781 -0.00372975 0.00479815 -0.02107483 -0.00198665 0.0019689 -0.0096001 -0.0037141 0.000882375 -0.0096781 -0.0002592 0.0025769 -0.009522076 -0.00200305 0.0027979 -0.0066596 -0.003730575 0.0016094 -0.006101575 -0.0025298 0.007786151 -0.0050001 -0.00027555 0.00350815 -0.006945575 0.0018752 0.007834375 -0.0049896 0.0013703 0.0028884 -0.0066661 0.0032161 0.00168565 -0.006063575 -0.00252255 -9.81E-05 0.008277151 -0.000839025 -7.96E-05 0.00828115 -0.00251745 3.9125E-05 0.0054919 -0.000270025 -8.51E-05 0.0072139 0.001982275 8.84E-05 0.00550265 0.000293575 -6.71E-05 0.008283925 0.001977125 -4.8875E-05 0.008287925 0.001716225 -0.02283663 0.00703215 0.001973625 -0.04641935 0.007291925 0.00386665 -0.0228316 0.00575815 0.003773925 -0.0152336 0.0056744 0.0036482 -0.00492735 0.0055609 0.00358515 0.0002389 0.0055039 0.0035701 0.0014729 0.0054904 0.001463925 0.0002794 0.0067774 0.00143715 0.00273165 0.006750401 0.001520825 -0.00493285 0.0068349 0.001633225 -0.0152321 0.0069484 -0.00184015 -0.0152701 0.00694015 -0.00195255 -0.00497085 0.006826675 0.001977125 -4.8875E-05 0.008287925 0.000293575 -6.71E-05 0.008283925 0.001996925 -0.00185985 0.0083079 0.00031335 -0.00187835 0.0083039 -0.00025185 -0.0021121 0.0074434 -0.000270025 -8.51E-05 0.0072139 -0.0008192 -0.0018906 0.008301175 -0.000839025 -7.96E-05 0.00828115 -0.00252255 -9.81E-05 0.008277151 -0.0025028 -0.001909125 0.008297175 0.001463925 0.0002794 0.0067774 -0.002009425 0.000241375 0.00676915 0.00358515 0.0002389 0.0055039 -0.004180525 0.0001629 0.0054874 0.00202655 -0.00438735 0.00747415 -0.002473175 -0.0044366 0.007463425 0.002035325 -0.00477235 0.00555615 -0.002464375 -0.0048216 0.005545425 -0.0024983 -0.0021366 0.00743815 -0.00251745 3.9125E-05 0.0054919 -0.00252255 -9.81E-05 0.008277151 -0.0025028 -0.001909125 0.008297175 0.001604375 -0.0170736 -0.00508335 0.0015589 -0.0169076 -0.006941575 0.00150095 -0.0147831 -0.0051276 0.00154645 -0.01566835 -0.007415325 -0.001660125 -0.01481785 -0.0051351 -0.001675275 -0.0157036 -0.0074231 0.00130695 -0.0179971 -0.00964285 0.00129685 -0.01676885 -0.00966435 -0.0013909 -0.0167981 -0.0096706 0.001166575 -0.01918462 -0.01100885 0.001036325 -0.0195351 -0.0109456 -0.001843575 -0.01150388 -0.00888735 0.001629775 -0.01146585 -0.0088791 -0.001840375 -0.01260535 -0.005181075 0.001633 -0.01256735 -0.005172825 0.001973625 -0.04641935 0.007291925 -0.00149975 -0.04645735 0.007283675 0.0041544 -0.04641435 0.0060179 -0.003611275 -0.04649035 0.006001425 -0.00361265 -0.0465471 0.00085065 0.0040721 -0.04647185 0.00086715 0.003632525 -0.0464776 0.00035215 -0.00323455 -0.04655285 0.000335675 -0.003235175 -0.0465811 -0.0022396 0.003595675 -0.0465066 -0.002223325 0.001925075 -0.04591835 -0.0036771 -0.00149035 -0.0459556 -0.003685075 -0.0041175 -0.00500335 0.00554415 -0.00195255 -0.00497085 0.006826675 0.0036482 -0.00492735 0.0055609 0.001520825 -0.00493285 0.0068349 -0.004180525 0.0001629 0.0054874 -0.0041175 -0.00500335 0.00554415 0.00358515 0.0002389 0.0055039 0.0036482 -0.00492735 0.0055609 0.0014462 -0.02812385 -0.0118166 0.001435875 -0.02753935 -0.01017085 -0.001281525 -0.02815385 -0.0118231 -0.00129185 -0.02756935 -0.01017735 -0.00129655 -0.02799788 -0.0062551 0.001431175 -0.0279681 -0.006248575 0.00182645 -0.03047287 -0.0041511 -0.0016469 -0.03051085 -0.004159325 0.00044065 0.005015875 0.00033365 -0.001059275 0.004999375 0.00033015 0.000404525 0.00737315 0.004659175 -0.001095425 0.00735665 0.00465565 0.000415975 0.005990625 0.0062044 -0.00108395 0.0059744 0.0062009 0.0004337 0.004629875 0.00499365 -0.001066175 0.00461365 0.0049899 -0.001054975 0.0036064 0.00491615 0.000444925 0.0036229 0.00491965 -0.0006585 -0.04520163 0.007292425 -0.000148125 -0.04456085 0.007889425 -0.0007051 -0.0409341 0.0072454 -0.000181225 -0.04160362 0.008196425 -0.0007051 -0.0409341 0.0072454 -0.000181225 -0.04160362 0.008196425 0.001058475 -0.0409146 0.007249651 0.00054485 -0.04159585 0.0081979 0.00057795 -0.04455287 0.00789115 0.00110505 -0.04518235 0.007296675 -0.000148125 -0.04456085 0.007889425 -0.0006585 -0.04520163 0.007292425 0.00031335 -0.00187835 0.0083039 -0.00025185 -0.0021121 0.0074434 0.001996925 -0.00185985 0.0083079 0.00200145 -0.00208735 0.0074489 -0.0024983 -0.0021366 0.00743815 -0.0025028 -0.001909125 0.008297175 -0.0008192 -0.0018906 0.008301175 0.002035325 -0.00477235 0.00555615 0.001982275 8.84E-05 0.00550265 0.00202655 -0.00438735 0.00747415 0.00200145 -0.00208735 0.0074489 0.001977125 -4.8875E-05 0.008287925 0.001996925 -0.00185985 0.0083079 -0.00106385 -0.01955785 -0.0109506 0.001036325 -0.0195351 -0.0109456 -0.001374325 -0.01802635 -0.009649075 0.00130695 -0.0179971 -0.00964285 -0.00166285 -0.01694285 -0.00694935 0.0015589 -0.0169076 -0.006941575 0.001604375 -0.0170736 -0.00508335 -0.001634 -0.01721085 -0.00510885 0.001407 -0.0257571 -0.00624685 0.001416125 -0.02610735 -0.00847185 -0.001320725 -0.0257871 -0.00625335 -0.0013116 -0.02613713 -0.00847835 0.0014136 -0.0254311 -0.0105111 -0.001314075 -0.02546087 -0.0105176 0.001395225 -0.0234636 -0.0118301 -0.001332475 -0.02349335 -0.0118366 0.00133985 -0.0182181 -0.01266235 -0.001387875 -0.01824785 -0.01266883 0.001288975 -0.01368335 -0.01214183 -0.00143875 -0.01371335 -0.01214835 0.001267175 -0.0118956 -0.01119483 -0.00146055 -0.01192563 -0.01120135 0.001629775 -0.01146585 -0.0088791 -0.001843575 -0.01150388 -0.00888735 0.001630025 -0.0099021 -0.0161471 0.00126995 -0.01168485 -0.0133376 -0.001843325 -0.0099401 -0.01615535 -0.001457725 -0.01171487 -0.0133441 0.001339775 -0.01807185 -0.0132996 -0.00138795 -0.01810163 -0.01330608 0.0014462 -0.02812385 -0.0118166 -0.001281525 -0.02815385 -0.0118231 -0.001320725 -0.0257871 -0.00625335 -0.00171675 -0.0239326 -0.0050506 0.001407 -0.0257571 -0.00624685 0.00175665 -0.0238946 -0.00504235 -0.001660125 -0.01481785 -0.0051351 -0.001675275 -0.0157036 -0.0074231 -0.001634 -0.01721085 -0.00510885 -0.00166285 -0.01694285 -0.00694935 -0.0013909 -0.0167981 -0.0096706 -0.001374325 -0.01802635 -0.009649075 -0.001227375 -0.01921063 -0.01101458 0.001166575 -0.01918462 -0.01100885 -0.00106385 -0.01955785 -0.0109506 0.001036325 -0.0195351 -0.0109456 -0.003991725 -0.0153096 0.0056579 -0.003899025 -0.0229076 0.0057414 -0.00245145 -0.0153011 0.00566065 -0.00168505 -0.01527935 0.0063369 -0.00184015 -0.0152701 0.00694015 -0.002368725 -0.02287987 0.00574415 -0.00175715 -0.0228746 0.007023925 -0.00160225 -0.0228641 0.0064204 0.001716225 -0.02283663 0.00703215 0.00156405 -0.0228296 0.006427925 0.00386665 -0.0228316 0.00575815 0.001481275 -0.01524485 0.006344425 0.001633225 -0.0152321 0.0069484 0.0023339 -0.0228286 0.00575515 0.003773925 -0.0152336 0.0056744 0.002251225 -0.01524985 0.00567165  
																							<Colors>: 0  
																							<TextureCoords0>: 361 0.820376 0.329038 0.802089 0.277963 0.820376 0.289896 0.820376 0.330902 0.793227 0.348651 0.820376 0.349541 0.814616 0.391304 0.793227 0.286135 0.759864 0.277963 0.767811 0.348651 0.749625 0.391304 0.740447 0.349541 0.740447 0.330902 0.740447 0.329038 0.740447 0.289896 0.767811 0.286135 0.685259 0.151657 0.673135 0.13668 0.695798 0.137393 0.703851 0.149469 0.718461 0.138107 0.709607 0.176977 0.692545 0.199774 0.715363 0.204485 0.690466 0.212117 0.739216 0.208563 0.775426 0.230771 0.76307 0.21264 0.794882 0.208863 0.831691 0.225916 0.826694 0.201888 0.829723 0.179626 0.842492 0.249657 0.837029 0.177405 0.830182 0.123556 0.825006 0.133853 0.724028 0.136643 0.947725 0.184069 0.825006 0.133853 0.724028 0.136643 0.848155 0.24379 0.866009 0.348607 0.858131 0.350493 0.981374 0.302789 0.987417 0.378091 0.870511 0.378252 0.864436 0.379053 0.858362 0.379853 0.950202 0.146586 0.690282 0.132275 0.690353 0.136077 0.676175 0.131795 0.679429 0.117964 0.525933 0.111755 0.532577 0.124648 0.676175 0.131795 0.522978 0.08277798 0.964597 0.08277798 0.524106 0.079238 0.977317 0.10852 0.967459 0.079238 0.995391 0.125945 0.995798 0.132092 0.995391 0.125945 0.995798 0.132092 0.948638 0.026474 0.524106 0.02504402 0.728895 0.02504402 0.728895 0.009702981 0.524106 0.009702981 0.728895 0.000797987 0.524106 0.0002740026 0.795329 0.02504402 0.891899 0.02588701 0.795385 0.009702981 0.891894 0.01005203 0.937699 0.02631003 0.953579 0.01028901 0.938102 0.01022601 0.953579 0.01028901 0.938102 0.01022601 0.674053 0.294956 0.674053 0.267956 0.646687 0.267956 0.617395 0.294956 0.617395 0.267956 0.630441 0.250149 0.656604 0.250149 0.643522 0.2653 0.656859 0.198451 0.630333 0.198451 0.960003 0.02978498 0.969659 0.02983499 0.967004 0.079238 0.993764 0.03313202 0.979106 0.01968199 0.969659 0.02983499 0.960003 0.02978498 0.967004 0.079238 0.979106 0.01968199 0.993764 0.03313202 0.695798 0.137393 0.673135 0.13668 0.685259 0.151657 0.703851 0.149469 0.718461 0.138107 0.709607 0.176977 0.692545 0.199774 0.715363 0.204485 0.690466 0.212117 0.739216 0.208563 0.775426 0.230771 0.76307 0.21264 0.794882 0.208863 0.831691 0.225916 0.826694 0.201888 0.842492 0.249657 0.829723 0.179626 0.837028 0.177405 0.830182 0.123556 0.825006 0.133853 0.724028 0.136643 0.690282 0.132275 0.690353 0.136077 0.676175 0.131795 0.679429 0.117964 0.532577 0.124648 0.532577 0.124648 0.525933 0.111754 0.522978 0.08277798 0.964597 0.08277798 0.524106 0.079238 0.967459 0.079238 0.524106 0.02504402 0.950202 0.146364 0.977317 0.10852 0.995798 0.132092 0.995391 0.125945 0.947725 0.184069 0.848155 0.24379 0.981374 0.302789 0.866009 0.348607 0.987417 0.378091 0.870511 0.378252 0.858131 0.350493 0.864436 0.379053 0.858362 0.379853 0.846293 0.315941 0.847689 0.312939 0.825502 0.315714 0.824458 0.312687 0.823413 0.30966 0.84835 0.309937 0.824523 0.306656 0.847755 0.306908 0.825634 0.303653 0.846425 0.30388 0.620286 0.265326 0.632336 0.265317 0.620286 0.227812 0.632336 0.226338 0.644387 0.224864 0.644387 0.265308 0.620286 0.16867 0.656438 0.265317 0.632336 0.168238 0.656438 0.226338 0.668489 0.265326 0.668489 0.227812 0.656438 0.168238 0.668489 0.16867 0.644387 0.167806 0.656438 0.151098 0.668489 0.149997 0.659671 0.142915 0.644387 0.152199 0.629104 0.142915 0.633026 0.151109 0.620286 0.149887 0.674925 0.316 0.654057 0.316 0.675013 0.344279 0.646714 0.325237 0.619481 0.344279 0.637592 0.316 0.61957 0.316 0.728895 0.009702981 0.524106 0.009702981 0.728895 0.02504402 0.795329 0.02504402 0.891899 0.02588701 0.937699 0.02631003 0.948638 0.026474 0.938102 0.01022601 0.953579 0.01028901 0.891894 0.01005203 0.795385 0.009702981 0.795385 0.0008220077 0.891894 0.0008130074 0.617252 0.314473 0.636862 0.314473 0.617252 0.296395 0.636862 0.296395 0.645429 0.296597 0.644953 0.314473 0.654135 0.296376 0.654061 0.314473 0.672654 0.314473 0.672654 0.296395 0.765698 0.001017988 0.7485 0.001017988 0.774297 0.006075025 0.7399 0.006075025 0.896616 0.006372988 0.896616 0.006372988 0.89339 0.01710701 0.89339 0.01710701 0.909497 0.006372988 0.92916 0.01710701 0.927673 -7.998943E-05 0.91143 -7.998943E-05 0.792073 0.12965 0.787103 0.157636 0.807563 0.130409 0.795311 0.163401 0.807563 0.130409 0.795311 0.163401 0.781974 0.180539 0.786234 0.186047 0.786234 0.186047 0.775658 0.19312 0.765082 0.200193 0.658798 0.167451 0.631325 0.167451 0.656604 0.139326 0.630441 0.139326 0.690098 0.332426 0.718488 0.332426 0.675903 0.337334 0.732684 0.337334 0.732799 0.370731 0.67661 0.370731 0.676681 0.374071 0.732811 0.374071 0.732869 0.39077 0.677035 0.390769 0.690664 0.399428 0.718581 0.399429 0.765698 0.001017988 0.7485 0.001017988 0.774297 0.006075025 0.7399 0.006075025 0.82575 0.001106977 0.82575 0.01960099 0.85687 0.001106977 0.85687 0.01960099 0.823514 0.396361 0.823514 0.374345 0.840401 0.396361 0.840401 0.374345 0.840401 0.338223 0.823514 0.338223 0.823485 0.323909 0.84043 0.323909 0.975918 0.244701 0.994116 0.244701 0.975918 0.193743 0.994116 0.193743 0.975918 0.190652 0.994116 0.190652 0.975918 0.184773 0.994116 0.184773 0.994116 0.171942 0.975918 0.171942 0.527154 0.009335995 0.536675 0.001676977 0.56241 0.008930981 0.56058 0.001536012 0.56241 0.008930981 0.56058 0.001536012 0.56241 0.008930981 0.56058 0.001536012 0.536675 0.001676977 0.527154 0.009335995 0.536675 0.001676977 0.527154 0.009335995 0.653527 0.315911 0.647098 0.333999 0.675149 0.315911 0.675101 0.333999 0.617124 0.333999 0.617275 0.315911 0.638698 0.315911 0.89339 0.01710701 0.92916 0.01710701 0.896616 0.006372988 0.909497 0.006372988 0.927673 -7.998943E-05 0.91143 -7.998943E-05 0.730399 0.200653 0.748127 0.200692 0.726725 0.193231 0.752683 0.193281 0.724777 0.171206 0.753796 0.171266 0.753796 0.140448 0.724777 0.1408 0.816928 0.244088 0.814723 0.244088 0.816928 0.262837 0.814723 0.262837 0.812518 0.244088 0.812518 0.262837 0.79879 0.244088 0.79879 0.262837 0.785062 0.244088 0.785062 0.262837 0.767788 0.244088 0.767788 0.262837 0.750513 0.244088 0.750514 0.262837 0.745191 0.244088 0.745191 0.262837 0.742275 0.239879 0.753313 0.239879 0.742275 0.262183 0.753313 0.262183 0.77709 0.239879 0.77709 0.262183 0.819149 0.239879 0.819149 0.262183 0.816928 0.262837 0.813163 0.2654 0.816928 0.244088 0.813163 0.241525 0.807563 0.130409 0.795311 0.163401 0.792073 0.12965 0.787103 0.157636 0.786234 0.186047 0.781974 0.180539 0.775658 0.19312 0.775658 0.19312 0.765082 0.200193 0.765082 0.200193 0.673984 0.399176 0.673984 0.345699 0.670024 0.395259 0.658141 0.395295 0.660121 0.399215 0.670024 0.349624 0.660121 0.345699 0.658141 0.349624 0.632393 0.345699 0.634244 0.349624 0.61853 0.345699 0.634244 0.395295 0.632393 0.399215 0.62223 0.349624 0.61853 0.399176 0.62223 0.395259  
																							<TextureCoords1>: 0  
